10318
10979
11065
11284
11537
11537
11537
11537
11537
11537
11537
11537
11537
11537
11537
11537
11537
11537
11537
11537
11537
11537
11537
11641
11819
12022
12070
12667
12819
12947
13478
13484
13631
13639
13709
13721
14322
14509
14610
14710
14836
14849
14907
15074
15174
15227
15267
15287
15292
15292
15292
15292
15292
15292
15292
15292
15292
15292
15292
15292
15292
15292
15292
15292
15292
15292
15292
15341
15715
15783
15824
15861
16001
16140
16445
16657
17596
17917
17917
17917
17917
17917
17917
17917
17917
17917
17917
17917
17917
17917
17917
17917
17917
17917
17996
18481
18499
18786
18811
19155
19299
19317
19317
19317
19317
19467
19675
19776
19845
19984
20284
20324
20326
20430
20621
20744
20752
20793
20945
20953
21069
21074
21347
21591
21668
21725
21789
21845
21920
22108
22124
22211
22211
22523
22670
22737
22786
22809
22888
22959
23030
23052
23680
23789
23789
23789
23789
23789
23789
23789
23789
23789
23789
23789
23789
23789
23848
23873
23996
24002
24147
24537
25313
25377
25440
25564
25770
25776
25820
26102
26385
26409
26509
26546
26674
26740
26741
26759
26837
26865
27308
27379
27416
27416
27416
27416
27416
27416
27416
27416
27416
27416
27416
27416
27416
27416
27416
27416
27542
27615
27723
27778
27807
27808
27902
28219
28293
28573
28613
28654
28669
28867
28934
29078
29104
29185
29335
29693
29703
30003
31240
31325
31365
31422
31698
31817
32111
32126
32126
32126
32126
32126
32126
32126
32126
32268
32751
33295
33341
33363
33961
34020
34188
34203
34307
34471
34568
34652
34652
34652
34652
34652
34652
34652
34652
34652
34652
34938
35205
35241
35352
35632
35773
35783
35904
35982
36006
36031
36384
36397
36550
36556
36680
36886
37020
37355
37430
37678
37678
37678
37678
37678
37678
37678
37678
37678
37678
37678
37678
37678
37678
37678
37678
37678
37678
37938
38301
38414
38603
38663
38668
38673
38805
38805
38805
38805
38805
38805
38805
38805
38805
38805
38805
38805
38805
38805
39103
39113
39170
39438
39498
39579
39664
40140
40189
40253
40472
40775
41393
41393
41393
41393
41393
41393
41393
41393
41393
41393
41393
41525
41708
41716
41829
42025
42025
42025
42025
42025
42025
42025
42025
42025
42025
42025
42025
42041
42100
42216
42303
42326
42402
42501
42695
42695
42695
42695
42695
42695
42695
42695
42695
42723
42936
43122
43136
43214
43399
43679
43714
43847
43847
43847
43847
43847
43847
43847
43847
43847
43847
43847
43847
43847
44206
44368
44368
44368
44368
44368
44368
44368
44368
44368
44368
44368
44368
44368
44368
44368
44368
44368
44368
44388
44466
44731
45127
45559
45693
45829
45829
45829
45829
45829
45829
45829
45829
45829
45829
45829
45829
45831
45958
46042
46261
46594
46594
46594
46594
46594
46594
46594
46775
47044
47091
47142
47456
47559
47574
47747
47800
48158
48360
48368
48971
49115
49166
49204
49635
49872
49914
50278
50302
50439
50739
50758
51199
51346
51713
52036
52294
52427
52496
52775
52888
52888
52888
52888
52888
53159
53277
53532
54563
54563
54563
54563
54563
54563
54563
54563
54563
54563
54563
54563
54563
54563
54737
54786
54992
55015
55135
55142
56032
56534
56597
56750
56750
56750
56750
56750
56750
56750
56750
56792
56891
56952
57034
57034
57034
57034
57034
57034
57034
57078
57301
57314
57609
57771
58736
58753
58764
58779
59026
59088
59221
59221
59221
59283
59313
59340
59377
59924
59954
60039
60128
60128
60128
60128
60128
60128
60128
60128
60128
60140
60140
60140
60140
60140
60140
60140
60140
60140
60140
60140
60165
60194
60221
60279
60329
60448
60472
60832
61173
61173
61173
61173
61173
61423
61557
61652
61804
61940
62146
62414
62648
62779
62818
63079
63113
63209
63270
63532
63953
63953
63953
63953
63953
64107
64263
64493
64574
64584
64748
65121
65414
65813
65838
65918
65918
65918
65918
65918
65918
65918
65918
65918
65918
65918
65918
65918
65918
65918
65918
65918
65918
65918
65918
66011
67189
67302
67320
67569
67721
67721
67721
67721
67721
67721
67721
67862
68060
68115
68164
68295
68317
68436
68436
68436
68436
68436
68436
68436
68436
68436
68436
68436
68436
68436
68436
68436
68436
68436
68436
68436
68436
68602
68631
68914
68991
69247
69516
69851
69985
70174
70364
70489
70838
71052
71364
71492
71538
71544
71634
72139
72346
72398
72435
72460
72495
72495
72495
72495
72495
72495
72495
72495
72709
73415
73575
73771
73771
73771
73771
73771
73771
73771
73771
73771
73771
73771
73771
73771
73771
73886
73920
74025
74064
74181
74328
74552
74763
74770
74901
74909
75007
75176
75176
75176
75176
75176
75176
75176
75176
75176
75176
75176
75176
75176
75176
75176
75314
75323
75559
75570
75719
76137
76167
76299
76372
76472
76493
76986
77025
77092
77092
77092
77092
77092
77092
77092
77092
77092
77092
77092
77092
77172
77634
77634
77634
77634
77837
78041
78041
78041
78041
78041
78041
78672
78828
78830
78869
79424
79445
79616
79790
79830
80547
80659
80962
81496
81496
81496
81496
81496
81496
81496
81496
81496
81496
81496
81496
81496
81557
81707
82138
82197
82203
82429
82789
82916
82994
83162
83382
83406
83411
83566
83581
83645
83659
83774
83774
83774
83774
83774
83774
83774
83774
83774
83774
83774
83774
83774
83774
83774
84231
84528
84744
85084
85296
85502
85502
85502
85502
85502
85502
85502
85502
85502
85502
85502
85502
85502
85502
85502
85502
85800
85814
85873
86280
86361
86682
86850
86884
87102
87722
87796
87835
87838
87965
87965
87965
87965
87965
87965
87965
87965
87965
87965
87965
87965
87965
87965
87965
87965
88266
88293
88682
88716
88764
89008
89051
89239
89471
89549
89642
89987
90086
90401
90444
90610
90620
90764
90836
90912
90992
91204
91274
91440
91534
91775
92298
92416
92527
92876
92919
93067
93128
93472
93498
93586
93651
94090
94189
94306
94377
94399
94453
94508
94576
94593
94640
94855
95168
95499
95639
95980
95980
95980
95980
95980
95980
95980
95980
95980
96103
96133
96238
96310
96310
96310
96310
96310
96310
96310
96310
96310
96310
96310
96310
96310
96310
96310
96458
96639
96747
97187
97300
97315
97732
97927
97933
97981
98107
98187
98303
98343
98469
98610
98615
98890
99191
99208
99322
99476
99547
99893
99893
99893
99893
99893
99893
99893
99893
99893
99893
99893
99893
99893
99893
99893
99893
99893
