10150
10594
10652
10701
10777
10900
11094
11297
11303
11497
11537
11595
11609
11612
11792
11852
12101
12128
12218
12235
12336
12378
12479
12486
12662
12709
12734
12738
12871
13004
13235
13257
13283
13324
13377
13434
13530
13672
13699
13881
14038
14096
14117
14348
14424
14447
14678
14691
14695
14730
15202
15256
15292
15405
15551
15570
15608
15647
15653
15655
15828
15868
16156
16200
16492
16626
16639
16732
16734
16764
16827
16841
16903
16986
17234
17331
17601
17606
17649
17917
17970
18008
18110
18201
18278
18307
18309
18314
18367
18378
18437
18529
18560
18585
19148
19317
19383
19402
19638
19702
19759
19787
19857
19944
19967
20015
20039
20064
20085
20193
20247
20336
20453
20458
20619
20625
20675
20817
20838
20898
20922
21013
21074
21115
21277
21376
21394
21486
21521
21534
21614
21667
21719
22092
22211
22226
22478
22493
22680
22695
22737
22870
22900
22902
23083
23097
23204
23323
23381
23443
23500
23639
23762
23789
23812
23926
24134
24149
24204
24429
24606
24723
24748
24864
24972
25052
25162
25191
25245
25252
25286
25305
25382
25387
25466
25585
25648
25690
26017
26183
26364
26458
26467
26468
26482
26535
26569
26665
26812
27004
27162
27368
27416
27428
27680
27769
27814
27868
27930
27961
27996
28177
28185
28206
28428
28433
28522
29079
29202
29212
29378
29436
29505
29529
29681
29692
29813
30076
30155
30210
30214
30238
30459
30515
30860
30888
31214
31327
31335
31396
31555
31608
31700
32072
32078
32093
32126
32127
32214
32231
32257
32341
32451
32475
32492
32507
32562
32584
32617
32753
32900
32946
32992
33005
33006
33215
33510
33546
33647
33665
33684
33694
33799
33815
33819
33904
34138
34180
34312
34369
34375
34567
34652
34679
34893
34918
34931
35162
35185
35194
35219
35224
35226
35425
35643
35799
35871
35926
36007
36394
36420
36455
36610
36656
36904
36953
37070
37093
37226
37233
37257
37337
37507
37653
37678
37788
37807
37843
37865
37973
38017
38050
38120
38226
38302
38451
38454
38509
38517
38591
38623
38763
38805
38842
39019
39056
39127
39153
39206
39385
39472
40026
40240
40337
40482
40653
40727
40780
40854
41023
41244
41279
41356
41393
41534
41669
41699
41786
41795
41944
42025
42055
42064
42076
42079
42163
42298
42322
42491
42695
42752
42770
42871
42901
43009
43092
43126
43152
43211
43230
43282
43695
43832
43847
43950
44092
44094
44104
44105
44197
44315
44368
44387
44403
44413
44531
44708
44729
44746
44841
44941
44971
45111
45203
45257
45423
45765
45829
45947
46035
46185
46334
46357
46534
46594
46643
46875
46923
47015
47404
47471
47639
47807
47869
47895
47918
48235
48288
48953
49025
49038
49071
49097
49132
49141
49197
49277
49305
49512
49529
49549
49619
49630
49639
49655
49677
49679
49694
49716
49735
49763
50026
50127
50155
50165
50181
50198
50286
50568
50779
50892
50906
50993
51287
51327
51358
51369
51431
51477
51658
51742
51817
51928
52093
52334
52384
52537
52562
52569
52574
52584
52755
52824
52861
52888
52961
52969
53056
53173
53210
53234
53238
53411
53568
53604
53644
53663
53706
53709
53946
54024
54047
54199
54440
54502
54563
54671
54705
55159
55702
55769
56016
56072
56143
56218
56561
56599
56603
56750
56787
56830
56831
56875
57034
57049
57058
57109
57132
57162
57186
57264
57355
57414
57418
57419
57431
57528
57558
57646
57737
57964
58048
58058
58087
58106
58219
58595
58652
58852
58868
58872
58956
59221
59337
59362
59468
59476
59612
59730
59767
59825
59901
59926
60004
60128
60140
60190
60323
60428
60822
60869
60874
60907
61014
61056
61117
61173
61555
61580
61581
61582
61780
61793
61916
62041
62056
62281
62468
62647
62704
62726
62826
63171
63175
63219
63302
63354
63422
63440
63472
63504
63707
63747
63953
64022
64061
64121
64175
64195
64254
64425
64436
64517
64640
64722
64803
64826
64983
64988
65077
65154
65218
65281
65318
65407
65476
65505
65510
65653
65728
65861
65915
65918
66236
66284
66601
66777
66901
66985
67207
67337
67381
67434
67506
67571
67663
67715
67721
67820
68026
68037
68121
68344
68399
68416
68436
68616
68901
68902
68951
69026
69178
69294
69364
69486
69498
69559
69671
69757
69804
69905
70000
70049
70053
70118
70212
70302
70384
70455
70652
70780
70792
70822
70872
70922
71032
71073
71080
71114
71405
71431
71498
71561
71650
71665
71778
71848
71872
71930
72111
72360
72425
72495
72728
72751
72777
72856
72892
72905
72928
73109
73224
73275
73342
73366
73564
73572
73591
73646
73708
73771
73917
73962
74131
74165
74225
74366
74425
74497
74511
74550
74592
74798
74847
74877
74914
74950
75154
75176
75181
75253
75429
75457
75640
75643
75718
75733
75739
75781
75807
75902
75931
75959
75966
76187
76188
76270
76392
76450
76642
77008
77011
77092
77371
77422
77501
77598
77626
77634
77644
77709
77808
77818
77859
77973
78041
78405
78679
78758
78811
78983
78993
79064
79106
79131
79167
79331
79339
79365
79374
79383
79418
79525
79638
79865
79925
79975
80010
80206
80363
80392
80517
80596
80625
81411
81496
81648
81682
82002
82039
82115
82172
82199
82266
82453
82671
82682
82900
82953
83050
83058
83064
83118
83204
83285
83304
83338
83395
83447
83501
83512
83623
83663
83774
83962
84136
84323
84331
84375
84397
84424
84493
84508
84522
84530
84569
84727
84751
84937
85048
85062
85191
85200
85325
85392
85485
85502
85810
85906
85957
85985
86112
86226
86228
86446
86480
86587
86666
86836
86853
86874
86891
86975
87296
87309
87427
87452
87545
87667
87700
87739
87744
87797
87870
87912
87965
88020
88262
88275
88341
88351
88430
88470
88531
89047
89079
89127
89371
89429
89867
89909
89970
90018
90125
90305
90344
90518
90582
90677
90892
90942
91040
91081
91111
91269
91300
91357
91483
91509
91716
91755
92171
92220
92339
92406
92432
92436
92462
92704
92846
92938
92962
93016
93057
93134
93167
93215
93245
93254
93430
93518
93639
93717
93735
93782
93856
93880
94057
94072
94232
94277
94333
94564
94952
95165
95239
95308
95316
95454
95560
95599
95619
95730
95817
95955
95980
96090
96093
96114
96158
96232
96310
96415
96579
96635
96672
96688
96772
96922
96936
97130
97293
97473
97486
97525
97572
97751
97782
97865
98048
98318
98327
98616
98689
98847
98858
98864
99082
99088
99400
99436
99469
99616
99760
99806
99850
99873
99893
99915
99999
